id1,id2,frechet_dist
4619144,4619077,316174.2285001001
4619151,4619077,517011.1554636323
4619152,4619077,241882.51478201154
4619154,4619077,182640.73249674734
4619165,4619077,31875.88505749102
4619166,4619077,36899.260587158824
4619175,4619077,41831.26046426114
4619228,4619077,468383.3753738592
4619229,4619077,354784.5720831258
4619263,4619077,467960.4950348638
4619269,4619077,128937.73101543222
4619317,4619077,35242.85789055775
4619327,4619077,171576.5071529761
4619077,4619144,316174.2285001001
4619151,4619144,282511.13152021694
4619152,4619144,252855.4547714721
4619154,4619144,327905.04936296545
4619165,4619144,289589.9168592166
4619166,4619144,293028.9710637413
4619175,4619144,280168.6991336387
4619228,4619144,182002.69220956205
4619229,4619144,430914.2900425353
4619263,4619144,215369.2798739895
4619269,4619144,285454.39654564817
4619317,4619144,295938.4589241989
4619327,4619144,294516.8704965691
4619077,4619151,517011.1554636323
4619144,4619151,282511.13152021694
4619152,4619151,343557.30190162995
4619154,4619151,406671.11680806684
4619165,4619151,518316.2295796658
4619166,4619151,495097.238141562
4619175,4619151,523164.64443914243
4619228,4619151,445141.02216447244
4619229,4619151,364969.95276503667
4619263,4619151,440461.99848222564
4619269,4619151,505415.7054623371
4619317,4619151,497103.2473013362
4619327,4619151,351029.8749198076
4619077,4619152,241882.51478201154
4619144,4619152,252855.4547714721
4619151,4619152,343557.30190162995
4619154,4619152,241847.94689518612
4619165,4619152,241345.53924525445
4619166,4619152,221187.8929430887
4619175,4619152,247714.22630774276
4619228,4619152,410019.2650384433
4619229,4619152,487368.76311695547
4619263,4619152,387822.9198828899
4619269,4619152,172826.87220999072
4619317,4619152,222310.44043585562
4619327,4619152,220385.87123130282
4619077,4619154,182640.73249674734
4619144,4619154,327905.04936296545
4619151,4619154,406671.11680806684
4619152,4619154,241847.94689518612
4619165,4619154,182112.70666226585
4619166,4619154,163315.2607438808
4619175,4619154,188476.9000892659
4619228,4619154,492461.90549448854
4619229,4619154,392139.7936558659
4619263,4619154,495143.84691013757
4619269,4619154,114171.6966022947
4619317,4619154,157765.44543073775
4619327,4619154,104274.98322241732
4619077,4619165,31875.88505749102
4619144,4619165,289589.9168592166
4619151,4619165,518316.2295796658
4619152,4619165,241345.53924525445
4619154,4619165,182112.70666226585
4619166,4619165,23525.37421579305
4619175,4619165,15017.867790669574
4619228,4619165,451103.8089227004
4619229,4619165,365763.1727318144
4619263,4619165,450261.8586902628
4619269,4619165,121143.0593246865
4619317,4619165,25025.01082505752
4619327,4619165,172350.6120152791
4619077,4619166,36899.260587158824
4619144,4619166,293028.9710637413
4619151,4619166,495097.238141562
4619152,4619166,221187.8929430887
4619154,4619166,163315.2607438808
4619165,4619166,23525.37421579305
4619175,4619166,29142.92650223071
4619228,4619166,449057.3625063082
4619229,4619166,363533.83695084974
4619263,4619166,450606.3206369944
4619269,4619166,122264.16998383764
4619317,4619166,23680.41337552713
4619327,4619166,148848.3924507596
4619077,4619175,41831.26046426114
4619144,4619175,280168.6991336387
4619151,4619175,523164.64443914243
4619152,4619175,247714.22630774276
4619154,4619175,188476.9000892659
4619165,4619175,15017.867790669574
4619166,4619175,29142.92650223071
4619228,4619175,452810.89058159676
4619229,4619175,362855.1449842639
4619263,4619175,452246.4121918751
4619269,4619175,121585.26986408175
4619317,4619175,31329.609489900555
4619327,4619175,177936.23301229495
4619077,4619228,468383.3753738592
4619144,4619228,182002.69220956205
4619151,4619228,445141.02216447244
4619152,4619228,410019.2650384433
4619154,4619228,492461.90549448854
4619165,4619228,451103.8089227004
4619166,4619228,449057.3625063082
4619175,4619228,452810.89058159676
4619229,4619228,587394.8257045693
4619263,4619228,239028.92193460872
4619269,4619228,424219.4666542793
4619317,4619228,452486.43602335826
4619327,4619228,450617.62299938983
4619077,4619229,354784.5720831258
4619144,4619229,430914.2900425353
4619151,4619229,364969.95276503667
4619152,4619229,487368.76311695547
4619154,4619229,392139.7936558659
4619165,4619229,365763.1727318144
4619166,4619229,363533.83695084974
4619175,4619229,362855.1449842639
4619228,4619229,587394.8257045693
4619263,4619229,427814.65814319305
4619269,4619229,471946.81000264327
4619317,4619229,359724.27491814503
4619327,4619229,361713.2791616676
4619077,4619263,467960.4950348638
4619144,4619263,215369.2798739895
4619151,4619263,440461.99848222564
4619152,4619263,387822.9198828899
4619154,4619263,495143.84691013757
4619165,4619263,450261.8586902628
4619166,4619263,450606.3206369944
4619175,4619263,452246.4121918751
4619228,4619263,239028.92193460872
4619229,4619263,427814.65814319305
4619269,4619263,480746.1474898545
4619317,4619263,452044.7414981701
4619327,4619263,455003.88902664476
4619077,4619269,128937.73101543222
4619144,4619269,285454.39654564817
4619151,4619269,505415.7054623371
4619152,4619269,172826.87220999072
4619154,4619269,114171.6966022947
4619165,4619269,121143.0593246865
4619166,4619269,122264.16998383764
4619175,4619269,121585.26986408175
4619228,4619269,424219.4666542793
4619229,4619269,471946.81000264327
4619263,4619269,480746.1474898545
4619317,4619269,127575.99530608451
4619327,4619269,163705.58126109876
4619077,4619317,35242.85789055775
4619144,4619317,295938.4589241989
4619151,4619317,497103.2473013362
4619152,4619317,222310.44043585562
4619154,4619317,157765.44543073775
4619165,4619317,25025.01082505752
4619166,4619317,23680.41337552713
4619175,4619317,31329.609489900555
4619228,4619317,452486.43602335826
4619229,4619317,359724.27491814503
4619263,4619317,452044.7414981701
4619269,4619317,127575.99530608451
4619327,4619317,149061.95985636587
4619077,4619327,171576.5071529761
4619144,4619327,294516.8704965691
4619151,4619327,351029.8749198076
4619152,4619327,220385.87123130282
4619154,4619327,104274.98322241732
4619165,4619327,172350.6120152791
4619166,4619327,148848.3924507596
4619175,4619327,177936.23301229495
4619228,4619327,450617.62299938983
4619229,4619327,361713.2791616676
4619263,4619327,455003.88902664476
4619269,4619327,163705.58126109876
4619317,4619327,149061.95985636587
